n: 1
1


n: 2
	2		
0		1

n: 3
	3		
2		1


n: 4
		6		
	4		4		
0		6		1

n: 5
		10		
	11		5		
6		12		1


n: 6
			20		
		24		15		
	16		26		6		
0		20		20		1

n: 7
			35		
		55		21		
	45		52		7		
28		54		30		1


n: 8
				70		
			120		56		
		112		118		28		
	76		118		92		8		
0		92		126		42		1

n: 9
				126		
			259		84		
		277		231		36		
	220		286		149		9		
140		256		260		56		1


n: 10
					252		
				560		210		
			660		532		120		
		568		661		416		45		
	396		598		636		226		10		
0		468		654		486		72		1

n: 11
					462		
				1176		330		
			1546		1026		165		
		1467		1500		699		55		
	1157		1532		1301		326		11		
744		1340		1552		840		90		1


n: 12
						924		
					2520		792		
				3584		2364		495		
			3644		3510		1860		220		
		3054		3686		3210		1110		66		
	2164		3216		3712		2470		452		12		
0		2532		3558		3428		1364		110		1

n: 13
						1716		
					5214		1287		
				8128		4521		715		
			8956		7656		3190		286		
		8080		8923		6467		1683		78		
	6387		8518		8506		4398		607		13		
4116		7366		8924		7072		2106		132		1


n: 14
							3432		
						11088		3003		
					18480		10362		2002		
				21652		17895		8228		1001		
			20584		21502		15958		5214		364		
		17100		20941		20724		12302		2456		91		
	12240		18006		21568		18430		7416		794		14		
0		14220		20030		21260		13706		3120		156		1

n: 15
							6435		
						22737		5005		
					41007		19734		3003		
				51540		38052		14300		1365		
			52104		50084		31730		8177		455		
		45958		52705		46068		22211		3471		105		
	36443		48665		52301		37813		11941		1016		15		
23504		41872		51932		48188		25124		4466		182		1


n: 16
								12870		
							48048		11440		
						91872		44902		8008		
					122024		88440		36036		4368		
				129464		119958		77902		23842		1820		
			119040		129580		112746		60246		12376		560		
		98614		121464		128348		97912		38280		4774		120		
	71024		103746		126668		121552		73692		18486		1276		16		
0		82164		115668		129136		104020		43852		6210		210		1

n: 17
								24310		
							97955		19448		
						200695		85371		12376		
					283775		184844		63245		6188		
				318160		271786		153366		38311		2380		
			307221		314646		244744		109531		18165		680		
		267915		313395		301909		199046		63325		6415		136		
	213119		284241		318195		270841		136972		27670		1577		17		
137412		244092		306410		308644		214178		73328		8424		240		1


n: 18
									48620		
								205920		43758		
							444444		192764		31824		
						660672		426569		156416		18564		
					774848		645600		373724		107016		8568		
				777820		768379		597754		290485		59584		3060		
			702212		782030		743362		511774		191344		25960		816		
		581496		717571		787052		685400		387664		101047		8448		153		
	420436		611192		753558		772098		578888		243886		40228		1922		18		
0		485108		681706		783536		709718		421634		118102		11186		272		1

